6040.000000
6080.000000
6120.000000
6160.000000
6200.000000
6240.000000
6280.000000
6320.000000
6360.000000
6399.000000
6438.000000
6477.000000
6514.000000
6550.000000
6560.000000
6565.000000
6528.000000
6314.000000
6040.000000
5863.000000
5421.000000
4883.000000
4685.000000
4461.000000
3923.000000
3655.000000
3346.000000
3110.000000
2859.000000
2661.000000
2442.000000
2360.000000
2262.000000
2131.000000
1979.000000
1873.000000
1779.000000
1722.000000
1636.000000
1567.000000
1505.000000
1427.000000
1375.000000
1320.000000
1312.000000
1239.000000
1191.000000
1176.000000
1132.000000
1099.000000
1067.000000
1052.000000
1028.000000
995.000000
981.000000
971.000000
942.000000
926.000000
919.000000
908.000000
889.000000
880.000000
868.000000
858.000000
845.000000
835.000000
818.000000
815.000000
804.000000
791.000000
