-32.625463
-67.710918
-97.568633
-125.835693
-153.410834
-178.742887
-200.929786
-221.679409
-241.063692
-258.937329
-274.414832
-288.865113
-301.475957
-312.907509
-322.945194
-331.946788
-340.068206
-347.161792
-353.689561
-359.576307
-364.871590
-369.453655
-373.494725
-377.188373
-380.504530
-383.536914
-386.292010
-388.800008
-390.959176
-392.999913
-394.801660
-396.509205
-398.091192
-399.598838
-400.926868
-402.132644
-403.284108
-404.291705
-405.256340
-406.126051
-406.969097
-407.689920
-408.360980
-408.915360
-409.466930
-409.572127
-409.572127
-409.572127
-409.572127
-409.572127
-409.572127
-409.572127
-409.572127
-409.572127
-409.572127
-409.572127
-409.572127
-409.572127
-409.572127
-409.572127
-409.572127
-409.572127
-409.572127
-409.572127
-409.572127
-409.572127
-409.572127
-409.572127
-409.572127
-409.572127
-409.572127
-409.572127
-409.572127
-409.572127
-409.572127
-409.572127
-409.572127
-409.572127
-409.572127
-409.572127
-409.572127
-409.572127
-409.572127
-409.572127
-409.572127
-409.572127
-409.572127
-409.572127
-409.572127
-409.572127
-409.572127
-409.572127
-409.572127
-409.572127
-409.572127
-409.572127
-409.572127
-409.572127
-409.572127
-409.572127
-409.572127
-409.572127
-409.572127
-409.572127
-409.572127
-409.572127
-409.572127
-409.572127
-409.572127
-409.572127
-409.572127
-409.572127
-409.572127
-409.572127
-409.572127
-409.572127
-409.572127
-409.572127
-409.572127
-409.572127
-409.572127
-409.572127
-409.572127
-409.572127
-409.572127
-409.572127
-409.572127
-409.572127
-409.572127
-409.572127
-409.572127
-409.572127
-409.572127
-409.572127
-409.572127
-409.572127
-409.572127
-409.572127
-409.572127
-409.572127
-409.572127
-409.572127
-409.572127
-409.572127
-409.572127
-409.572127
-409.572127
-409.572127
-409.572127
-409.572127
-409.572127
-409.572127
-409.572127
-409.572127
-409.572127
-409.572127
-409.572127
-409.572127
-409.572127
-409.572127
-409.572127
-409.572127
-409.572127
-409.572127
-409.572127
-409.572127
-409.572127
-409.572127
-409.572127
-409.572127
-409.572127
-409.572127
-409.572127
-409.572127
-409.572127
-409.572127
-409.572127
-409.572127
-409.572127
-409.572127
-409.572127
-409.572127
-409.572127
-409.572127
-409.572127
-409.572127
-409.572127
-409.572127
-409.572127
-409.572127
-409.572127
-409.572127
-409.572127
-409.572127
-409.572127
-409.572127
-409.572127
-409.572127
-409.572127
-409.572127
-409.572127
-409.572127
-409.572127
-409.572127
-409.572127
-409.572127
-409.572127
-409.572127
-409.572127
-409.572127
-409.572127
-409.572127
-409.572127
-409.572127
-409.572127
-409.572127
-409.572127
-409.572127
-409.572127
-409.572127
-409.572127
-409.572127
-409.572127
-409.572127
-409.572127
-409.572127
-409.572127
-409.572127
-409.572127
-409.572127
-409.572127
-409.572127
-409.572127
-409.572127
-409.572127
-409.572127
-409.572127
-409.572127
-409.572127
-409.572127
-409.572127
-409.572127
-409.572127
-409.572127
-409.572127
-409.572127
-409.572127
-409.572127
-409.572127
-409.572127
-409.572127
-409.572127
-409.572127
-409.572127
-409.572127
-409.572127
-409.572127
-409.572127
-409.572127
-409.572127
-409.572127
-409.572127
-409.572127
-409.572127
-409.572127
-409.572127
-409.572127
-409.572127
-409.572127
-409.572127
-409.572127
-409.572127
-409.572127
-409.572127
-409.572127
-409.572127
-409.572127
-409.572127
-409.572127
-409.572127
-409.572127
-409.572127
-409.572127
-409.572127
-409.572127
-409.572127
-409.572127
-409.572127
-409.572127
-409.572127
-409.572127
-409.572127
-409.572127
-409.572127
-409.572127
-409.572127
-409.572127
-409.572127
-409.572127
-409.572127
-409.572127
-409.572127
-409.572127
-409.572127
-409.572127
-409.572127
-409.572127
-409.572127
-409.572127
-409.572127
-409.572127
-409.572127
-409.572127
-409.572127
-409.572127
-409.572127
-409.572127
-409.572127
-409.572127
-409.572127
-409.572127
-409.572127
-409.572127
-409.572127
-409.572127
-409.572127
-409.572127
-409.572127
-409.572127
-409.572127
-409.572127
-409.572127
-409.572127
-409.572127
-409.572127
-409.572127
-409.572127
-409.572127
-409.572127
-409.572127
-409.572127
-409.572127
-409.572127
-409.572127
-409.572127
-409.572127
-409.572127
-409.572127
-409.572127
-409.572127
-409.572127
-409.572127
-409.572127
-409.572127
-409.572127
-409.572127
-409.572127
-409.572127
-409.572127
-409.572127
-409.572127
-409.572127
-409.572127
-409.572127
-409.572127
-409.572127
-409.572127
-409.572127
-409.572127
-409.572127
-409.572127
-409.572127
-409.572127
-409.572127
-409.572127
-409.572127
-409.572127
-409.572127
-409.572127
-409.572127
-409.572127
-409.572127
-409.572127
-409.572127
-409.572127
-409.572127
-409.572127
-409.572127
-409.572127
-409.572127
-409.572127
-409.572127
-409.572127
-409.572127
-409.572127
-409.572127
-409.572127
-409.572127
-409.572127
-409.572127
-409.572127
-409.572127
-409.572127
-409.572127
-409.572127
-409.572127
-409.572127
-409.572127
-409.572127
-409.572127
-409.572127
-409.572127
-409.572127
-409.572127
-409.572127
-409.572127
-409.572127
-409.572127
-409.572127
-409.572127
-409.572127
-409.572127
-409.572127
-409.572127
-409.572127
-409.572127
-409.572127
-409.572127
-409.572127
-409.572127
-409.572127
-409.572127
-409.572127
-409.572127
