6080.000000
6160.000000
6240.000000
6320.000000
6400.000000
6478.000000
6558.000000
6638.000000
6718.000000
6798.000000
6876.000000
6954.000000
7026.000000
7082.000000
7126.000000
7146.000000
7076.000000
6860.000000
6685.000000
6449.000000
6197.000000
5754.000000
5443.000000
5359.000000
4958.000000
4389.000000
4154.000000
3908.000000
3723.000000
3556.000000
3443.000000
3200.000000
3128.000000
2929.000000
2854.000000
2764.000000
2681.000000
2591.000000
2522.000000
2432.000000
2381.000000
2372.000000
2317.000000
2242.000000
2176.000000
2148.000000
2089.000000
2042.000000
1999.000000
1959.000000
1934.000000
1900.000000
1870.000000
1848.000000
1811.000000
1779.000000
1761.000000
1754.000000
1746.000000
1733.000000
1707.000000
1695.000000
1683.000000
1669.000000
1641.000000
1629.000000
1617.000000
1597.000000
1585.000000
