6040.000000
6080.000000
6120.000000
6160.000000
6200.000000
6240.000000
6280.000000
6320.000000
6360.000000
6399.000000
6438.000000
6478.000000
6511.000000
6535.000000
6556.000000
6491.000000
6450.000000
6298.000000
5966.000000
5706.000000
5423.000000
4989.000000
4629.000000
4257.000000
3821.000000
3642.000000
3430.000000
3113.000000
2837.000000
2698.000000
2593.000000
2357.000000
2190.000000
2116.000000
2060.000000
1877.000000
1816.000000
1709.000000
1663.000000
1577.000000
1499.000000
1431.000000
1383.000000
1330.000000
1276.000000
1242.000000
1216.000000
1166.000000
1139.000000
1107.000000
1091.000000
1051.000000
1027.000000
1008.000000
987.000000
966.000000
952.000000
938.000000
923.000000
890.000000
