-35.962263
-69.103524
-98.828143
-128.123213
-155.637524
-180.204772
-202.875894
-224.139247
-243.477788
-261.572033
-278.542177
-293.138277
-306.106580
-317.417996
-327.776383
-336.497338
-343.980071
-350.738680
-356.415402
-361.287437
-365.468996
-368.844629
-371.609926
-373.961177
-375.861434
-377.405667
-378.601486
-379.585659
-380.335929
-380.923448
-381.381375
-381.718574
-381.994907
-382.200291
-382.353645
-382.474005
-382.548951
-382.606112
-382.647644
-382.673679
-382.692982
-382.704795
-382.712144
-382.716916
-382.719630
-382.721507
-382.722416
-382.723009
-382.723318
-382.723479
-382.723565
-382.723613
-382.723638
-382.723649
-382.723654
-382.723657
-382.723658
-382.723658
-382.723659
-382.723659
-382.723659
-382.723659
-382.723659
-382.723659
-382.723659
-382.723659
-382.723659
-382.723659
-382.723659
-382.723659
