-32.399479
-66.295779
-97.399143
-125.892333
-152.966255
-178.808646
-202.310798
-223.429721
-242.341558
-259.887771
-275.741339
-290.238395
-303.003408
-314.285738
-323.881651
-332.241302
-339.686396
-346.379246
-351.886981
-356.736176
-360.687337
-364.214293
-366.920031
-369.361578
-371.173342
-372.671663
-373.880863
-374.874296
-375.696594
-376.346478
-376.851406
-377.235401
-377.531185
-377.759444
-377.928102
-378.050081
-378.141986
-378.205062
-378.247563
-378.276065
-378.295204
-378.308737
-378.316819
-378.321731
-378.324740
-378.326725
-378.327849
-378.328467
-378.328797
-378.328953
-378.329051
-378.329101
-378.329126
-378.329139
-378.329145
-378.329149
-378.329150
-378.329151
-378.329151
-378.329151
