-31.352615
-66.421154
-96.643731
-126.583344
-153.519337
-178.769952
-202.137800
-223.606444
-242.761966
-261.087318
-277.158732
-292.245276
-304.894103
-316.722117
-326.768957
-335.745624
-343.425103
-349.736541
-355.392238
-360.052676
-364.065418
-367.393442
-370.156779
-372.507312
-374.446660
-376.012427
-377.185769
-378.197848
-378.962300
-379.568551
-380.055040
-380.414052
-380.695041
-380.905213
-381.057879
-381.170358
-381.251593
-381.311070
-381.350701
-381.376713
-381.395985
-381.409180
-381.417877
-381.423721
-381.427121
-381.429169
-381.430450
-381.431157
-381.431579
-381.431817
-381.431951
-381.432027
-381.432065
-381.432086
-381.432096
-381.432100
-381.432102
-381.432104
-381.432104
-381.432105
-381.432105
-381.432105
-381.432105
-381.432105
-381.432105
-381.432105
-381.432105
-381.432105
-381.432105
