6040.000000
6080.000000
6120.000000
6160.000000
6200.000000
6240.000000
6280.000000
6320.000000
6360.000000
6399.000000
6439.000000
6478.000000
6513.000000
6530.000000
6532.000000
6518.000000
6466.000000
6473.000000
6301.000000
6282.000000
6057.000000
5959.000000
5871.000000
5724.000000
5558.000000
5638.000000
5282.000000
5116.000000
4834.000000
4765.000000
4769.000000
4600.000000
4504.000000
4571.000000
4337.000000
4217.000000
4193.000000
4093.000000
4089.000000
4070.000000
3934.000000
3863.000000
3838.000000
3848.000000
3801.000000
3830.000000
3830.000000
3830.000000
3830.000000
3830.000000
3830.000000
3830.000000
3830.000000
3830.000000
3830.000000
3830.000000
3830.000000
3830.000000
3830.000000
3830.000000
3830.000000
3830.000000
3830.000000
3830.000000
3830.000000
3830.000000
3830.000000
3830.000000
3830.000000
3830.000000
3830.000000
3830.000000
3830.000000
3830.000000
3830.000000
3830.000000
3830.000000
3830.000000
3830.000000
3830.000000
3830.000000
3830.000000
3830.000000
3830.000000
3830.000000
3830.000000
3830.000000
3830.000000
3830.000000
3830.000000
3830.000000
3830.000000
3830.000000
3830.000000
3830.000000
3830.000000
3830.000000
3830.000000
3830.000000
3830.000000
3830.000000
3830.000000
3830.000000
3830.000000
3830.000000
3830.000000
3830.000000
3830.000000
3830.000000
3830.000000
3830.000000
3830.000000
3830.000000
3830.000000
3830.000000
3830.000000
3830.000000
3830.000000
3830.000000
3830.000000
3830.000000
3830.000000
3830.000000
3830.000000
3830.000000
3830.000000
3830.000000
3830.000000
3830.000000
3830.000000
3830.000000
3830.000000
3830.000000
3830.000000
3830.000000
3830.000000
3830.000000
3830.000000
3830.000000
3830.000000
3830.000000
3830.000000
3830.000000
3830.000000
3830.000000
3830.000000
3830.000000
3830.000000
3830.000000
3830.000000
3830.000000
3830.000000
3830.000000
3830.000000
3830.000000
3830.000000
3830.000000
3830.000000
3830.000000
3830.000000
3830.000000
3830.000000
3830.000000
3830.000000
3830.000000
3830.000000
3830.000000
3830.000000
3830.000000
3830.000000
3830.000000
3830.000000
3830.000000
3830.000000
3830.000000
3830.000000
3830.000000
3830.000000
3830.000000
3830.000000
3830.000000
3830.000000
3830.000000
3830.000000
3830.000000
3830.000000
3830.000000
3830.000000
3830.000000
3830.000000
3830.000000
3830.000000
3830.000000
3830.000000
3830.000000
3830.000000
3830.000000
3830.000000
3830.000000
3830.000000
3830.000000
3830.000000
3830.000000
3830.000000
3830.000000
3830.000000
3830.000000
3830.000000
3830.000000
3830.000000
3830.000000
3830.000000
3830.000000
3830.000000
3830.000000
3830.000000
3830.000000
3830.000000
3830.000000
3830.000000
3830.000000
3830.000000
3830.000000
3830.000000
3830.000000
3830.000000
3830.000000
3830.000000
3830.000000
3830.000000
3830.000000
3830.000000
3830.000000
3830.000000
3830.000000
3830.000000
3830.000000
3830.000000
3830.000000
3830.000000
3830.000000
3830.000000
3830.000000
3830.000000
3830.000000
3830.000000
3830.000000
3830.000000
3830.000000
3830.000000
3830.000000
3830.000000
3830.000000
3830.000000
3830.000000
3830.000000
3830.000000
3830.000000
3830.000000
3830.000000
3830.000000
3830.000000
3830.000000
3830.000000
3830.000000
3830.000000
3830.000000
3830.000000
3830.000000
3830.000000
3830.000000
3830.000000
3830.000000
3830.000000
3830.000000
3830.000000
3830.000000
3830.000000
3830.000000
3830.000000
3830.000000
3830.000000
3830.000000
3830.000000
3830.000000
3830.000000
3830.000000
3830.000000
3830.000000
3830.000000
3830.000000
3830.000000
3830.000000
3830.000000
3830.000000
3830.000000
3830.000000
3830.000000
3830.000000
3830.000000
3830.000000
3830.000000
3830.000000
3830.000000
3830.000000
3830.000000
3830.000000
3830.000000
3830.000000
3830.000000
3830.000000
3830.000000
3830.000000
3830.000000
3830.000000
3830.000000
3830.000000
3830.000000
3830.000000
3830.000000
3830.000000
3830.000000
3830.000000
3830.000000
3830.000000
3830.000000
3830.000000
3830.000000
3830.000000
3830.000000
3830.000000
3830.000000
3830.000000
3830.000000
3830.000000
3830.000000
3830.000000
3830.000000
3830.000000
3830.000000
3830.000000
3830.000000
3830.000000
3830.000000
3830.000000
3830.000000
3830.000000
3830.000000
3830.000000
3830.000000
3830.000000
3830.000000
3830.000000
3830.000000
3830.000000
3830.000000
3830.000000
3830.000000
3830.000000
3830.000000
3830.000000
3830.000000
3830.000000
3830.000000
3830.000000
3830.000000
3830.000000
3830.000000
3830.000000
3830.000000
3830.000000
3830.000000
3830.000000
3830.000000
3830.000000
3830.000000
3830.000000
3830.000000
3830.000000
3830.000000
3830.000000
3830.000000
3830.000000
3830.000000
3830.000000
3830.000000
3830.000000
3830.000000
3830.000000
3830.000000
3830.000000
3830.000000
3830.000000
3830.000000
3830.000000
3830.000000
3830.000000
3830.000000
3830.000000
3830.000000
3830.000000
3830.000000
3830.000000
3830.000000
3830.000000
3830.000000
3830.000000
3830.000000
3830.000000
3830.000000
3830.000000
3830.000000
3830.000000
3830.000000
3830.000000
3830.000000
3830.000000
3830.000000
3830.000000
3830.000000
3830.000000
3830.000000
3830.000000
3830.000000
3830.000000
3830.000000
3830.000000
3830.000000
3830.000000
3830.000000
3830.000000
3830.000000
3830.000000
3830.000000
