-31.404807
-65.525408
-97.758562
-126.798785
-153.512322
-177.825932
-200.317289
-221.870487
-241.978976
-259.144862
-275.716092
-289.854685
-303.263312
-315.168965
-325.036116
-333.277267
-340.603597
-346.780726
-352.258356
-357.149890
-361.104580
-364.636910
-367.374391
-369.723172
-371.706327
-373.299636
-374.543599
-375.581218
-376.378888
-377.001277
-377.474866
-377.823570
-378.098217
-378.294168
-378.449428
-378.565855
-378.651505
-378.713520
-378.757080
-378.785277
-378.803468
-378.816428
-378.824953
-378.830316
-378.833615
-378.835538
-378.836682
-378.837359
-378.837693
-378.837880
-378.837979
-378.838030
-378.838057
-378.838072
-378.838079
