6040.000000
6080.000000
6120.000000
6160.000000
6200.000000
6240.000000
6280.000000
6320.000000
6359.000000
6398.000000
6436.000000
6474.000000
6514.000000
6547.000000
6547.000000
6565.000000
6399.000000
6240.000000
6044.000000
5710.000000
5329.000000
5015.000000
4505.000000
4197.000000
4073.000000
3719.000000
3497.000000
3171.000000
2924.000000
2758.000000
2626.000000
2341.000000
2158.000000
2072.000000
2014.000000
1924.000000
1814.000000
1722.000000
1647.000000
1541.000000
1494.000000
1428.000000
1392.000000
1329.000000
1269.000000
1251.000000
1223.000000
1184.000000
1148.000000
1119.000000
1096.000000
1073.000000
1043.000000
1028.000000
1005.000000
